Road_Sch_05|72|17.0|32.0|-0.4|0.0|-3.2,-0.1,-57.8|1.8,-0.1,-57.8|27.3,-0.1,-59.4
Road_Sch_20|325|20.3|45.0|0.0|0.1|133.0,0.1,92.7|138.5,0.1,94.7|141.1,0.1,97.2|134.3,0.0,99.7|135.3,0.0,101.4|138.6,0.0,131.6|138.6,0.0,133.3|138.6,0.1,135.2
Road_Sch_01|142|10.0|35.3|4.0|4.1|123.3,4.0,-59.4|154.5,4.0,-59.4|157.2,4.1,-59.4
Road_Sch_36|28|10.0|20.5|-4.0|-3.9|-132.7,-3.9,168.1|-112.2,-4.0,168.1
Road_Sch_38|337|15.2|55.0|0.0|0.1|35.0,0.1,132.7|37.6,0.1,137.6|41.0,0.0,134.5|42.9,0.0,135.2|61.6,0.0,132.8|67.6,0.0,132.8|84.2,0.0,136.6|86.9,0.1,136.6
Road_Sch_06|92|11.7|23.8|-0.4|0.1|-4.7,-0.1,-57.4|-4.7,-0.1,-45.4|-14.0,0.0,-42.8|-11.0,0.0,-39.8|-11.2,0.1,-38.4|-11.4,0.0,-33.6
Road_Sch_43|142|10.0|29.7|-4.0|-3.9|-31.4,-4.0,190.4|-31.4,-4.0,215.1|-31.4,-4.0,217.0|-31.4,-3.9,219.0
Road_Sch_11|106|10.0|32.0|0.0|2.7|98.6,2.7,-1.6|98.6,0.2,16.4|98.6,0.0,19.6|98.6,0.0,21.6|98.6,0.0,30.4
Road_Sch_02|228|30.8|32.0|4.0|4.1|91.3,4.0,-59.4|93.7,4.0,-56.9|95.3,4.0,-53.7|101.8,4.0,-53.5|103.4,4.0,-56.9|123.3,4.0,-59.4
Road_Sch_22|28|10.0|32.0|0.0|0.1|59.3,0.0,96.6|91.3,0.0,96.6
Road_Sch_07|106|10.0|32.0|2.6|4.1|98.6,4.1,-33.6|98.6,4.1,-14.4|98.6,4.0,-12.4|98.6,3.7,-9.2|98.6,2.7,-1.6
Road_Sch_27|76|22.3|32.0|-0.1|0.1|-67.5,0.0,111.8|-64.0,0.1,115.3|-37.3,0.0,102.1
Road_Sch_37|52|10.0|24.8|0.0|0.1|38.6,0.0,101.6|42.4,0.0,117.6|40.3,0.0,124.2
Road_Sch_25|28|10.0|29.2|0.0|0.1|-11.4,0.0,62.4|-11.4,0.0,91.6
Road_Sch_16|558|32.0|32.0|0.0|0.1|91.3,0.0,49.6|93.8,0.0,49.4|95.3,0.0,49.5|101.8,0.0,54.7|103.3,0.0,56.0|109.6,0.0,60.4|123.3,0.0,56.6
Road_Sch_31|263|23.3|32.0|-4.0|-3.9|-120.8,-4.0,94.6|-122.9,-4.0,100.8|-115.2,-4.0,112.8|-100.7,-3.9,118.0|-112.1,-4.0,119.0|-102.9,-4.0,120.9|-118.1,-3.9,122.9|-116.5,-4.0,124.3|-118.8,-4.0,125.8
Road_Sch_26|394|30.3|34.8|0.0|0.1|-14.3,0.0,92.4|-18.2,0.0,93.7|-36.7,0.0,96.8|-15.5,0.0,99.7|-14.6,0.0,101.2|-34.1,0.0,103.4|-36.7,0.1,105.3|-11.4,0.0,126.4
Road_Sch_39|300|30.3|32.0|-1.3|0.1|-9.7,0.0,127.0|-15.8,0.0,131.9|-14.9,0.0,133.5|-17.1,0.0,139.9|-16.0,0.0,141.4|-11.4,0.0,151.6|-11.4,-0.1,153.6|-11.4,-0.5,155.6|-11.4,-1.2,158.4
Road_Sch_13|402|29.6|32.0|-0.2|1.4|-4.6,0.0,4.2|-2.0,0.0,1.9|-1.0,0.6,0.2|0.7,0.0,0.6|3.6,0.0,11.8|5.7,0.0,5.3|6.9,0.0,2.9|8.8,0.8,-0.3|27.3,0.0,22.2
Road_Sch_09|321|32.0|32.8|-2.5|0.1|-36.4,-2.3,-14.5|-34.5,-2.2,-15.1|-32.8,-2.2,-17.0|-31.1,-1.9,-16.0|-26.9,-0.5,-3.3|-25.9,-0.5,-5.1|-24.4,-0.2,-2.8|-22.7,-0.2,-6.1|-21.1,-0.1,-6.0|-19.7,0.0,-5.8|-17.7,0.0,-7.6|-16.2,0.0,-9.5|-14.6,0.0,-11.3|-8.2,0.0,-5.9|-6.4,0.1,-9.4|-3.9,0.1,-1.6
Road_Sch_14|307|19.2|32.0|-0.1|0.1|-12.2,0.0,-1.4|-13.5,0.0,1.0|-15.1,0.0,2.5|-5.3,0.0,6.3|-6.6,0.0,6.9|-7.8,0.0,8.7|-15.4,0.1,19.6|-7.4,0.1,21.6|-7.4,0.0,25.6|-11.4,0.0,30.4
Road_Sch_23|377|32.0|39.2|0.0|0.1|38.6,0.0,62.4|34.5,0.0,79.6|34.7,0.0,85.6|38.0,0.0,91.6|38.2,0.0,93.1|38.6,0.0,93.8|39.6,0.0,99.5|38.7,0.0,100.7
Road_Sch_35|302|19.5|19.7|-4.0|-3.9|-147.2,-3.9,158.4|-143.2,-4.0,163.1|-144.1,-4.0,163.8|-142.1,-4.0,164.9|-142.4,-4.0,165.3|-140.9,-4.0,171.1|-143.6,-4.0,171.6|-145.7,-4.0,173.0|-147.2,-4.0,174.0|-147.2,-3.9,174.8|-147.2,-3.9,175.9|-147.2,-3.9,177.6
Road_Sch_32|64|10.0|32.0|-4.0|-3.9|-145.4,-4.0,94.7|-143.4,-4.0,101.1|-149.0,-4.0,125.8
Road_Sch_24|40|10.0|33.7|0.0|0.1|-6.4,0.0,96.6|24.7,0.0,94.8
Road_Sch_34|264|19.5|32.0|-4.0|-3.9|-147.2,-4.0,126.4|-147.4,-4.0,130.8|-132.7,-4.0,131.8|-144.2,-4.0,133.6|-142.6,-4.0,135.0|-132.7,-4.0,138.2|-137.6,-3.9,140.5|-142.9,-4.0,141.4|-143.2,-4.0,142.9|-147.2,-3.9,158.4
Road_Sch_21|240|32.0|39.2|0.0|0.1|98.6,0.0,62.4|102.4,0.0,73.6|102.4,0.0,81.6|99.9,0.0,91.6|99.2,0.0,93.1|98.6,0.0,93.8|108.6,0.0,99.5|113.8,0.1,101.6
Road_Sch_17|375|24.0|32.0|0.0|0.1|59.3,0.0,56.6|63.7,0.0,52.1|65.2,0.0,50.6|66.3,0.0,44.3|68.1,0.0,41.2|69.8,0.1,39.7|71.6,0.0,48.5|73.1,0.0,48.1|91.3,0.0,49.6
Road_Sch_12|112|15.2|16.3|0.0|0.1|27.3,0.0,22.2|34.2,0.1,30.5|35.3,0.0,30.8|37.6,0.0,24.7|38.6,0.1,22.9|39.9,0.0,26.8|41.2,0.0,28.5|42.9,0.1,28.7
Road_Sch_28|171|22.3|32.0|-4.0|0.1|-100.3,-4.0,122.7|-97.8,-4.0,118.3|-96.0,-3.9,118.4|-94.1,-3.9,122.5|-92.1,-3.6,120.2|-90.5,-3.4,121.0|-88.4,-3.3,122.9|-76.6,-0.5,109.2|-75.5,-0.4,110.0|-73.6,-0.3,113.4|-71.7,-0.1,112.8|-69.2,0.0,111.8
Road_Sch_08|3202|13.8|46.8|-1.6|11.5|0.3,10.7,-47.7|4.5,10.3,-45.2|6.0,10.4,-42.7|3.6,10.0,-40.3|2.1,10.2,-38.1|3.9,10.5,-35.5|3.9,10.3,-33.5|3.9,9.7,-31.4|3.9,9.1,-28.9|3.9,8.4,-25.9|3.9,7.8,-23.6|3.9,7.0,-21.6|3.9,5.3,-19.3|3.9,5.4,-17.6|3.9,4.5,-14.5|3.9,3.4,-11.5|3.9,2.6,-9.5|3.9,1.5,-7.7|3.9,1.0,-5.8|3.9,0.6,-2.6
Road_Sch_42|212|17.2|37.0|-4.0|-3.9|-73.7,-4.0,168.9|-57.7,-4.0,169.6|-56.4,-4.0,170.7|-54.0,-4.0,170.0|-52.2,-4.0,170.8|-50.8,-4.0,174.8|-48.4,-4.0,176.8|-46.7,-4.0,174.8|-36.7,-4.0,176.1
Road_Sch_15|144|18.6|43.1|-0.3|0.1|123.3,0.0,56.6|143.9,0.0,57.9|146.6,0.0,53.7|148.6,0.1,52.9|162.3,-0.1,70.0|165.0,-0.1,67.5
Road_Sch_41|435|30.3|32.0|-4.0|-1.2|-11.4,-1.2,158.4|-11.4,-3.6,167.2|-11.4,-3.8,169.1|-13.9,-3.9,171.1|-13.5,-4.0,172.1|-18.8,-4.0,173.1|-8.5,-3.9,174.9|-9.8,-3.9,176.8|-24.1,-4.0,178.9|-29.7,-4.0,179.9|-27.4,-4.0,181.1|-31.4,-4.0,190.4
Road_Sch_33|144|13.9|32.0|-4.0|-3.9|-132.7,-3.9,135.0|-123.8,-3.9,126.4|-122.1,-4.0,127.4|-120.6,-4.0,131.4|-118.7,-4.0,126.4|-113.2,-4.0,126.4|-111.1,-4.0,130.9|-109.0,-4.0,130.7|-103.5,-4.0,128.3|-100.7,-4.0,127.3
Road_Sch_29|275|18.7|25.4|-4.0|-3.9|-126.3,-3.9,69.3|-124.3,-3.9,71.1|-125.8,-4.0,72.2|-117.6,-3.9,73.5|-121.0,-4.0,74.8|-115.8,-3.9,76.0|-124.6,-4.0,77.2|-121.4,-3.9,78.8|-132.7,-4.0,80.8|-132.7,-3.9,83.6|-119.0,-3.9,94.4
Road_Sch_10|333|41.0|45.4|-2.5|-2.1|-49.1,-2.4,-25.1|-51.3,-2.5,-23.3|-54.0,-2.5,-20.9|-48.7,-2.5,-18.0|-49.3,-2.4,-16.3|-39.1,-2.4,-13.3|-38.2,-2.3,-11.6|-37.5,-2.2,-9.6|-77.0,-2.4,11.6|-74.9,-2.5,13.6|-73.1,-2.5,16.0|-72.7,-2.4,17.8
Road_Sch_30|140|19.5|24.3|-4.0|-3.9|-132.9,-3.9,70.3|-133.9,-4.0,72.7|-132.7,-4.0,74.3|-132.7,-4.0,80.8|-132.7,-3.9,83.6|-148.5,-3.9,86.8|-149.9,-4.0,88.7|-151.9,-3.9,90.5|-145.4,-4.0,91.8|-146.8,-3.9,93.5
Road_Sch_40|432|21.7|32.0|0.0|0.1|-53.4,0.1,125.1|-53.4,0.0,126.8|-53.4,0.0,128.2|-53.4,0.0,129.6|-49.6,0.0,131.8|-48.4,0.0,133.3|-48.2,0.0,139.8|-49.6,0.0,141.3|-53.4,0.0,151.6|-53.4,0.1,153.0|-53.4,0.0,154.4|-53.4,0.1,156.1
Road_Sch_04|182|10.0|32.0|-0.4|4.1|27.9,0.0,-59.4|30.0,0.1,-59.4|32.0,0.3,-59.4|34.0,0.6,-59.4|45.6,3.2,-59.4|47.6,3.5,-59.4|49.6,3.8,-59.4|51.6,4.0,-59.4|53.6,4.0,-59.4|59.3,4.0,-59.4
Road_Sch_19|44|10.0|32.0|0.0|0.1|-9.3,0.0,32.1|-11.4,0.0,62.4
Road_Sch_03|28|10.0|32.0|4.0|4.1|59.3,4.0,-59.4|91.3,4.0,-59.4
Road_Sch_18|204|25.7|30.8|0.0|0.1|38.6,0.0,31.6|43.4,0.0,51.6|41.8,0.0,52.6|45.0,0.0,53.6|43.6,0.0,59.3|43.9,0.0,59.9|41.6,0.0,61.7
Road_Sch_19_Crosswalks|4|2.0|6.0|0.0|0.0|-14.4,0.0,50.6|-8.4,0.0,50.6
Road_Sch_Highway_01|5378|31.8|109.0|7.4|11.5|1.4,8.9,-171.1|6.6,9.0,-165.8|0.8,8.5,-161.4|1.5,8.7,-155.1|-6.7,8.8,-150.4|-5.6,8.5,-144.5|-5.5,8.9,-138.9|-11.7,8.8,-133.5|-8.4,9.1,-128.7|-11.4,8.4,-123.4|-11.4,9.3,-116.6|-11.4,8.2,-113.2|-11.4,8.5,-105.0|-11.4,8.4,-102.5|-11.4,8.4,-94.2|-11.4,9.0,-90.5|-11.4,8.2,-83.5|-11.4,9.5,-79.3|-11.4,8.4,-73.4|-11.4,9.7,-66.4
Road_Sch_41_Crosswalks|8|10.0|10.0|-4.0|-4.0|-34.4,-4.0,182.1|-26.4,-4.0,178.1
Road_Sch_18_Crosswalks|4|2.0|6.0|0.0|0.0|44.6,0.0,53.6|44.6,0.0,59.6
Road_Sch_Highway_08|1614|14.0|32.0|7.4|11.5|-11.4,8.8,126.9|-11.4,9.8,129.6|-11.4,9.8,129.8|-11.4,9.0,131.9|-11.4,9.8,133.0|-11.4,8.4,135.4|-11.4,8.2,136.6|-11.4,8.4,137.9|-11.4,9.8,139.7|-11.4,8.7,141.6|-11.4,9.8,143.2|-11.4,8.4,145.4|-11.4,8.2,146.6|-11.4,8.4,147.8|-11.4,9.8,149.9|-11.4,8.7,151.6|-11.4,9.8,153.1|-11.4,8.4,156.1|-11.4,8.8,157.7
Road_Sch_Highway_05|1460|14.0|32.0|7.4|11.5|-11.4,9.6,30.6|-11.4,9.8,32.5|-11.4,8.4,36.0|-11.4,8.1,37.2|-11.4,9.8,39.2|-11.4,8.7,41.4|-11.4,9.5,42.4|-11.4,8.3,45.9|-11.4,8.2,47.2|-11.4,9.8,49.4|-11.4,9.3,52.1|-11.4,8.7,55.5|-11.4,8.1,56.6|-11.4,8.8,58.2|-11.4,9.8,59.4|-11.4,9.6,62.3
Road_Sch_21_Crosswalks|8|6.0|29.2|0.0|0.0|98.6,0.0,63.0|98.6,0.0,90.6
Road_Sch_Highway_07|1606|14.0|32.0|7.4|11.5|-11.4,9.3,94.7|-11.4,8.2,96.6|-11.4,8.4,97.9|-11.4,9.8,99.5|-11.4,8.7,101.6|-11.4,9.8,103.0|-11.4,8.4,105.4|-11.4,8.2,106.5|-11.4,8.4,107.8|-11.4,9.8,109.7|-11.4,8.7,111.6|-11.4,9.8,112.9|-11.4,8.4,116.1|-11.4,8.1,117.2|-11.4,9.8,119.6|-11.4,8.7,121.4|-11.4,9.4,122.6|-11.4,9.8,123.2|-11.4,8.8,126.1
Road_Sch_Highway_06|1464|14.0|32.0|7.4|11.5|-11.4,9.8,62.5|-11.4,8.4,65.4|-11.4,8.2,66.5|-11.4,8.4,67.8|-11.4,9.8,69.5|-11.4,8.7,71.6|-11.4,9.8,72.7|-11.4,8.4,76.0|-11.4,8.1,77.2|-11.4,9.8,79.4|-11.4,8.7,81.4|-11.4,9.5,82.5|-11.4,8.3,86.0|-11.4,8.2,87.2|-11.4,9.8,89.4|-11.4,9.8,89.7|-11.4,9.1,92.0|-11.4,9.8,94.2
Road_Sch_16_Crosswalks|16|12.8|14.0|0.0|0.0|94.1,0.0,56.4|103.1,0.0,56.4
Road_Sch_Highway_03|1612|14.0|32.0|7.4|11.5|-11.4,8.8,-33.1|-11.4,9.8,-31.0|-11.4,9.3,-28.1|-11.4,8.8,-24.5|-11.4,8.1,-23.3|-11.4,9.0,-21.7|-11.4,9.1,-18.2|-11.4,9.8,-17.5|-11.4,8.7,-14.6|-11.4,8.1,-13.5|-11.4,8.4,-12.2|-11.4,9.8,-10.9|-11.4,8.7,-8.4|-11.4,9.8,-7.7|-11.4,8.4,-4.0|-11.4,8.8,-2.3
Road_Sch_Highway_04|1464|14.0|32.0|7.4|11.5|-11.4,9.8,-1.5|-11.4,8.7,1.4|-11.4,9.5,2.3|-11.4,8.3,5.9|-11.4,8.2,7.2|-11.4,9.8,9.2|-11.4,9.3,12.0|-11.4,8.8,15.5|-11.4,8.1,16.6|-11.4,8.9,18.3|-11.4,9.8,19.2|-11.4,9.0,21.8|-11.4,9.8,22.6|-11.4,8.5,25.4|-11.4,8.2,26.5|-11.4,8.4,27.8|-11.4,9.8,30.2
Road_Sch_Highway_10|4786|14.0|110.3|7.4|11.5|-11.4,8.9,324.3|-11.4,8.4,328.1|-11.4,8.4,336.4|-11.4,9.5,341.6|-11.4,8.2,346.6|-11.4,9.5,351.6|-11.4,8.3,356.8|-11.4,9.0,363.5|-11.4,8.3,367.0|-11.4,8.4,375.2|-11.4,8.5,377.8|-11.4,8.3,386.3|-11.4,8.9,389.6|-11.4,8.4,396.4|-11.4,9.5,401.8|-11.4,8.2,406.6|-11.4,9.5,411.8|-11.4,8.4,416.9|-11.4,8.4,425.1|-11.4,8.8,428.6
Road_Sch_26_Crosswalks|16|14.0|14.0|0.0|0.0|-15.9,0.0,96.6|-6.9,0.0,96.6
Road_Sch_Highway_02|1680|14.0|32.0|7.4|11.5|-11.4,9.4,-65.2|-11.4,8.1,-63.3|-11.4,9.0,-61.8|-11.4,9.3,-58.1|-11.4,8.8,-54.6|-11.4,8.0,-53.4|-11.4,8.7,-52.0|-11.4,9.8,-51.0|-10.0,9.8,-48.3|-9.7,9.9,-47.5|-11.4,8.4,-44.0|-11.4,8.1,-42.8|-10.5,9.9,-41.1|-9.2,10.1,-38.5|-11.4,9.5,-37.9|-11.4,8.9,-33.9
Road_Sch_Highway_09|1922|14.0|43.3|7.4|11.5|-11.4,9.8,158.7|-11.4,8.7,161.6|-11.4,9.8,163.3|-11.4,8.2,166.4|-11.4,8.4,167.8|-11.4,9.8,170.0|-11.4,9.3,172.4|-11.4,8.4,175.4|-11.4,8.2,176.7|-11.4,9.2,179.0|-11.4,8.7,181.6|-11.4,9.8,183.4|-11.4,8.2,186.0|-11.4,8.2,187.2|-11.4,9.8,190.1|-11.4,8.7,191.6|-11.4,9.8,193.3|-11.4,8.2,196.4|-11.4,8.4,197.8|-11.4,9.7,201.3
Road_Sch_23_Crosswalks|16|14.0|14.0|0.0|0.0|38.6,0.0,92.1|38.6,0.0,101.1
Road_Sch_42_Crosswalks|4|2.0|6.0|-4.0|-4.0|-37.7,-4.0,173.1|-37.7,-4.0,179.1
